Gwyddion resource GwyGradient
0.000000 0.000000 0.000000 0.000000 1.000000
0.053922 0.023529 0.054902 0.494118 1.000000
0.166667 0.023529 0.235294 0.360784 1.000000
0.279412 0.023529 0.352941 0.066667 1.000000
0.392157 0.025405 0.470000 0.025405 1.000000
0.504902 0.360784 0.705882 0.082353 1.000000
0.561275 0.589000 0.779000 0.057000 1.000000
0.617647 0.741176 0.729216 0.023529 1.000000
0.730392 0.741176 0.552941 0.023529 1.000000
0.843137 0.741176 0.400000 0.023529 1.000000
0.955882 0.741176 0.305882 0.023529 1.000000
1.000000 0.833333 0.833333 0.833333 1.000000
