Gwyddion resource GwyGradient
0.000000 0.000000 0.000000 0.000000 1.000000
0.066667 0.031063 0.031063 0.031063 1.000000
0.133333 0.062125 0.456471 0.062125 1.000000
0.200000 0.068565 0.486275 0.068565 1.000000
0.266667 0.124250 0.124250 0.124250 1.000000
0.333333 0.155313 0.155313 0.155313 1.000000
0.400000 0.081835 0.580392 0.081835 1.000000
0.466667 0.085706 0.607843 0.085706 1.000000
0.533333 0.248500 0.248500 0.248500 1.000000
0.600000 0.279563 0.279563 0.279563 1.000000
0.666667 0.098976 0.701961 0.098976 1.000000
0.733333 0.103400 0.733333 0.103400 1.000000
0.800000 0.372750 0.372750 0.372750 1.000000
0.866667 0.403813 0.403813 0.403813 1.000000
0.933333 0.116671 0.827451 0.116671 1.000000
1.000000 0.121094 0.858824 0.121094 1.000000
